"",-9.000,-8.000,-7.000,-6.000,-5.000,-4.000,-3.000,-2.000,-1.000,0.000
54421.0000,NaN,4.0000E+000,4.0000E+000,4.0000E+000,4.0000E+000,4.0000E+000,4.0000E+000,4.0000E+000,4.0000E+000,4.0000E+000
54422.0000,NaN,4.0057E+000,4.0026E+000,4.0020E+000,4.0019E+000,4.0028E+000,4.0058E+000,4.0145E+000,4.0381E+000,0.0000E+000
54423.0000,NaN,4.0106E+000,4.0052E+000,4.0040E+000,4.0040E+000,4.0062E+000,4.0133E+000,4.0335E+000,4.0247E+000,0.0000E+000
54424.0000,NaN,4.0152E+000,4.0078E+000,4.0060E+000,4.0061E+000,4.0084E+000,3.7912E+000,3.1378E+000,3.0937E+000,0.0000E+000
54425.0000,NaN,4.0195E+000,4.0103E+000,3.9974E+000,3.8835E+000,3.4884E+000,3.4615E+000,3.4602E+000,3.1557E+000,4.4409E-016
54426.0000,NaN,3.8959E+000,3.7542E+000,3.6444E+000,3.6433E+000,3.6424E+000,3.5090E+000,3.4584E+000,3.1290E+000,0.0000E+000
54427.0000,NaN,3.6828E+000,3.6828E+000,3.6566E+000,3.6450E+000,3.6414E+000,3.5176E+000,3.4609E+000,3.0934E+000,0.0000E+000
54428.0000,NaN,3.6881E+000,3.6850E+000,3.6597E+000,3.6466E+000,3.6418E+000,3.5247E+000,3.4640E+000,3.0579E+000,0.0000E+000
54429.0000,NaN,3.6930E+000,3.6873E+000,3.6620E+000,3.6482E+000,3.6420E+000,3.5310E+000,3.4657E+000,3.0196E+000,0.0000E+000
54430.0000,NaN,3.6976E+000,3.6895E+000,3.6642E+000,3.6498E+000,3.6419E+000,3.5372E+000,3.4660E+000,2.9811E+000,0.0000E+000
54431.0000,NaN,3.7020E+000,3.6917E+000,3.6662E+000,3.6514E+000,3.6413E+000,3.5429E+000,3.4638E+000,2.9407E+000,0.0000E+000
54432.0000,NaN,3.7061E+000,3.6938E+000,3.6681E+000,3.6528E+000,3.6400E+000,3.5480E+000,3.4574E+000,2.8962E+000,0.0000E+000
54433.0000,NaN,3.7100E+000,3.6958E+000,3.6700E+000,3.6543E+000,3.6382E+000,3.5530E+000,3.4485E+000,2.8533E+000,0.0000E+000
54434.0000,NaN,3.7138E+000,3.6977E+000,3.6718E+000,3.6557E+000,3.6361E+000,3.5581E+000,3.4373E+000,2.8138E+000,0.0000E+000
54435.0000,NaN,3.7174E+000,3.6995E+000,3.6736E+000,3.6571E+000,3.6335E+000,3.5632E+000,3.4246E+000,2.7815E+000,0.0000E+000
54436.0000,NaN,3.7208E+000,3.7011E+000,3.6754E+000,3.6584E+000,3.6297E+000,3.5669E+000,3.4078E+000,2.7508E+000,0.0000E+000
54437.0000,NaN,3.7239E+000,3.7024E+000,3.6772E+000,3.6595E+000,3.6243E+000,3.5684E+000,3.3882E+000,2.7269E+000,0.0000E+000
54438.0000,NaN,3.7267E+000,3.7034E+000,3.6787E+000,3.6603E+000,3.6166E+000,3.5658E+000,3.3668E+000,2.7119E+000,-2.2204E-016
54439.0000,NaN,3.7290E+000,3.7039E+000,3.6798E+000,3.6602E+000,3.6056E+000,3.5575E+000,3.3485E+000,2.7119E+000,0.0000E+000
54440.0000,NaN,3.7305E+000,3.7038E+000,3.6794E+000,3.6571E+000,3.5883E+000,3.5393E+000,3.3304E+000,2.7129E+000,2.2204E-016
54441.0000,NaN,3.7305E+000,3.7021E+000,3.6750E+000,3.6462E+000,3.5625E+000,3.5113E+000,3.3166E+000,2.7218E+000,0.0000E+000
54442.0000,NaN,3.7279E+000,3.6948E+000,3.6574E+000,3.6192E+000,3.5292E+000,3.4782E+000,3.3096E+000,2.7458E+000,2.2204E-016
54443.0000,NaN,3.7158E+000,3.6675E+000,3.6117E+000,3.5711E+000,3.4918E+000,3.4446E+000,3.3036E+000,2.7743E+000,0.0000E+000
54444.0000,NaN,3.6651E+000,3.6026E+000,3.5449E+000,3.5119E+000,3.4526E+000,3.4132E+000,3.2991E+000,2.8105E+000,0.0000E+000
54445.0000,NaN,3.5548E+000,3.5191E+000,3.4859E+000,3.4611E+000,3.4168E+000,3.3843E+000,3.2958E+000,2.8534E+000,-2.2204E-016
54446.0000,NaN,3.4553E+000,3.4476E+000,3.4378E+000,3.4228E+000,3.3887E+000,3.3598E+000,3.2862E+000,2.8783E+000,0.0000E+000
54447.0000,NaN,3.3890E+000,3.3879E+000,3.3861E+000,3.3817E+000,3.3642E+000,3.3421E+000,3.2772E+000,2.8877E+000,0.0000E+000
54448.0000,NaN,3.3306E+000,3.3303E+000,3.3296E+000,3.3285E+000,3.3248E+000,3.3175E+000,3.2799E+000,2.9164E+000,2.2204E-016
54449.0000,NaN,3.2721E+000,3.2720E+000,3.2717E+000,3.2710E+000,3.2696E+000,3.2669E+000,3.2578E+000,2.9809E+000,0.0000E+000
54450.0000,NaN,3.2138E+000,3.2137E+000,3.2132E+000,3.2122E+000,3.2108E+000,3.2083E+000,3.2009E+000,2.9938E+000,0.0000E+000
54451.0000,NaN,3.1451E+000,3.1449E+000,3.1441E+000,3.1424E+000,3.1391E+000,3.1340E+000,3.1254E+000,2.9695E+000,0.0000E+000
54452.0000,NaN,3.0939E+000,3.0936E+000,3.0929E+000,3.0916E+000,3.0894E+000,3.0853E+000,3.0754E+000,2.9798E+000,0.0000E+000
54453.0000,NaN,3.0575E+000,3.0573E+000,3.0568E+000,3.0556E+000,3.0536E+000,3.0503E+000,3.0442E+000,2.9360E+000,0.0000E+000
54454.0000,NaN,3.0213E+000,3.0212E+000,3.0207E+000,3.0197E+000,3.0181E+000,3.0148E+000,3.0045E+000,2.9396E+000,0.0000E+000
54455.0000,NaN,2.9943E+000,2.9942E+000,2.9938E+000,2.9931E+000,2.9918E+000,2.9898E+000,2.9864E+000,2.8990E+000,0.0000E+000
54456.0000,NaN,2.9749E+000,2.9748E+000,2.9745E+000,2.9740E+000,2.9732E+000,2.9714E+000,2.9573E+000,2.8882E+000,0.0000E+000
54457.0000,NaN,2.9516E+000,2.9515E+000,2.9512E+000,2.9504E+000,2.9491E+000,2.9470E+000,2.9437E+000,2.8261E+000,0.0000E+000
54458.0000,NaN,2.9414E+000,2.9414E+000,2.9412E+000,2.9409E+000,2.9404E+000,2.9395E+000,2.9283E+000,2.8527E+000,0.0000E+000
54459.0000,NaN,2.9317E+000,2.9316E+000,2.9314E+000,2.9311E+000,2.9303E+000,2.9286E+000,2.9260E+000,2.8013E+000,0.0000E+000
54460.0000,NaN,2.9233E+000,2.9232E+000,2.9231E+000,2.9228E+000,2.9223E+000,2.9216E+000,2.9141E+000,2.8221E+000,0.0000E+000
54461.0000,NaN,2.9214E+000,2.9214E+000,2.9213E+000,2.9211E+000,2.9209E+000,2.9202E+000,2.9188E+000,2.7524E+000,0.0000E+000
54462.0000,NaN,2.9260E+000,2.9260E+000,2.9260E+000,2.9261E+000,2.9262E+000,2.9264E+000,2.9264E+000,2.7439E+000,0.0000E+000
54463.0000,NaN,2.9302E+000,2.9302E+000,2.9303E+000,2.9303E+000,2.9305E+000,2.9307E+000,2.9303E+000,2.7124E+000,0.0000E+000
54464.0000,NaN,2.9296E+000,2.9296E+000,2.9295E+000,2.9294E+000,2.9293E+000,2.9290E+000,2.9276E+000,2.7202E+000,0.0000E+000
54465.0000,NaN,2.9187E+000,2.9186E+000,2.9184E+000,2.9179E+000,2.9172E+000,2.9158E+000,2.9124E+000,2.7235E+000,0.0000E+000
54466.0000,NaN,2.8991E+000,2.8989E+000,2.8985E+000,2.8978E+000,2.8965E+000,2.8943E+000,2.8888E+000,2.7247E+000,0.0000E+000
54467.0000,NaN,2.8770E+000,2.8768E+000,2.8764E+000,2.8755E+000,2.8740E+000,2.8711E+000,2.8631E+000,2.7090E+000,0.0000E+000
54468.0000,NaN,2.8577E+000,2.8576E+000,2.8572E+000,2.8564E+000,2.8550E+000,2.8523E+000,2.8438E+000,2.7067E+000,0.0000E+000
54469.0000,NaN,2.8412E+000,2.8411E+000,2.8407E+000,2.8400E+000,2.8386E+000,2.8354E+000,2.8251E+000,2.6881E+000,0.0000E+000
54470.0000,NaN,2.8262E+000,2.8261E+000,2.8257E+000,2.8251E+000,2.8239E+000,2.8216E+000,2.8126E+000,2.6861E+000,0.0000E+000
54471.0000,NaN,2.8108E+000,2.8107E+000,2.8104E+000,2.8096E+000,2.8083E+000,2.8047E+000,2.7911E+000,2.6533E+000,0.0000E+000
54472.0000,NaN,2.8020E+000,2.8020E+000,2.8017E+000,2.8013E+000,2.8005E+000,2.7991E+000,2.7903E+000,2.6685E+000,0.0000E+000
54473.0000,NaN,2.7988E+000,2.7987E+000,2.7986E+000,2.7984E+000,2.7980E+000,2.7960E+000,2.7741E+000,2.6389E+000,0.0000E+000
54474.0000,NaN,2.7948E+000,2.7947E+000,2.7946E+000,2.7943E+000,2.7937E+000,2.7926E+000,2.7823E+000,2.6455E+000,0.0000E+000
54475.0000,NaN,2.7957E+000,2.7957E+000,2.7957E+000,2.7956E+000,2.7956E+000,2.7952E+000,2.7799E+000,2.6321E+000,0.0000E+000
54476.0000,NaN,2.7947E+000,2.7946E+000,2.7946E+000,2.7944E+000,2.7940E+000,2.7932E+000,2.7835E+000,2.6247E+000,0.0000E+000
54477.0000,NaN,2.7902E+000,2.7901E+000,2.7899E+000,2.7896E+000,2.7892E+000,2.7884E+000,2.7709E+000,2.5709E+000,0.0000E+000
54478.0000,NaN,2.7859E+000,2.7858E+000,2.7856E+000,2.7853E+000,2.7847E+000,2.7835E+000,2.7719E+000,2.5616E+000,0.0000E+000
54479.0000,NaN,2.7842E+000,2.7841E+000,2.7840E+000,2.7839E+000,2.7836E+000,2.7829E+000,2.7582E+000,2.5287E+000,0.0000E+000
54480.0000,NaN,2.7822E+000,2.7822E+000,2.7821E+000,2.7818E+000,2.7814E+000,2.7801E+000,2.7677E+000,2.5410E+000,0.0000E+000
54481.0000,NaN,2.7844E+000,2.7843E+000,2.7843E+000,2.7843E+000,2.7843E+000,2.7843E+000,2.7618E+000,2.5396E+000,0.0000E+000
54482.0000,NaN,2.7858E+000,2.7858E+000,2.7857E+000,2.7857E+000,2.7856E+000,2.7849E+000,2.7703E+000,2.5557E+000,0.0000E+000
54483.0000,NaN,2.7863E+000,2.7863E+000,2.7862E+000,2.7862E+000,2.7860E+000,2.7857E+000,2.7752E+000,2.5586E+000,0.0000E+000
54484.0000,NaN,2.7835E+000,2.7834E+000,2.7833E+000,2.7831E+000,2.7826E+000,2.7815E+000,2.7717E+000,2.5659E+000,0.0000E+000
54485.0000,NaN,2.7817E+000,2.7817E+000,2.7815E+000,2.7813E+000,2.7810E+000,2.7804E+000,2.7730E+000,2.5817E+000,0.0000E+000
54486.0000,NaN,2.7817E+000,2.7817E+000,2.7816E+000,2.7815E+000,2.7813E+000,2.7806E+000,2.7743E+000,2.5966E+000,0.0000E+000
54487.0000,NaN,2.7831E+000,2.7830E+000,2.7830E+000,2.7830E+000,2.7829E+000,2.7827E+000,2.7781E+000,2.6026E+000,0.0000E+000
54488.0000,NaN,2.7851E+000,2.7851E+000,2.7850E+000,2.7850E+000,2.7850E+000,2.7848E+000,2.7811E+000,2.6137E+000,0.0000E+000
54489.0000,NaN,2.7881E+000,2.7881E+000,2.7881E+000,2.7882E+000,2.7883E+000,2.7883E+000,2.7861E+000,2.6183E+000,0.0000E+000
54490.0000,NaN,2.7914E+000,2.7914E+000,2.7914E+000,2.7915E+000,2.7916E+000,2.7916E+000,2.7893E+000,2.6280E+000,0.0000E+000
54491.0000,NaN,2.7941E+000,2.7941E+000,2.7941E+000,2.7942E+000,2.7942E+000,2.7942E+000,2.7926E+000,2.6229E+000,0.0000E+000
54492.0000,NaN,2.7992E+000,2.7992E+000,2.7992E+000,2.7994E+000,2.7996E+000,2.7999E+000,2.7988E+000,2.6397E+000,0.0000E+000
54493.0000,NaN,2.8053E+000,2.8054E+000,2.8055E+000,2.8057E+000,2.8061E+000,2.8067E+000,2.8074E+000,2.6363E+000,0.0000E+000
54494.0000,NaN,2.8133E+000,2.8133E+000,2.8135E+000,2.8138E+000,2.8143E+000,2.8149E+000,2.8155E+000,2.6536E+000,0.0000E+000
54495.0000,NaN,2.8212E+000,2.8212E+000,2.8214E+000,2.8217E+000,2.8222E+000,2.8227E+000,2.8230E+000,2.6424E+000,0.0000E+000
54496.0000,NaN,2.8271E+000,2.8271E+000,2.8272E+000,2.8274E+000,2.8277E+000,2.8280E+000,2.8281E+000,2.6492E+000,0.0000E+000
54497.0000,NaN,2.8321E+000,2.8321E+000,2.8321E+000,2.8323E+000,2.8326E+000,2.8330E+000,2.8331E+000,2.6293E+000,0.0000E+000
54498.0000,NaN,2.8358E+000,2.8358E+000,2.8359E+000,2.8360E+000,2.8362E+000,2.8364E+000,2.8364E+000,2.6153E+000,2.2204E-016
54499.0000,NaN,2.8418E+000,2.8418E+000,2.8419E+000,2.8421E+000,2.8425E+000,2.8429E+000,2.8429E+000,2.6093E+000,0.0000E+000
54500.0000,NaN,2.8633E+000,2.8635E+000,2.8641E+000,2.8654E+000,2.8675E+000,2.8706E+000,2.8742E+000,2.7057E+000,0.0000E+000
54501.0000,NaN,2.8788E+000,2.8789E+000,2.8793E+000,2.8801E+000,2.8813E+000,2.8827E+000,2.8855E+000,2.7086E+000,0.0000E+000
54502.0000,NaN,2.8912E+000,2.8913E+000,2.8916E+000,2.8921E+000,2.8923E+000,2.8925E+000,2.8926E+000,2.7158E+000,0.0000E+000
54503.0000,NaN,2.8972E+000,2.8972E+000,2.8973E+000,2.8975E+000,2.8976E+000,2.8976E+000,2.8976E+000,2.7290E+000,0.0000E+000
54504.0000,NaN,2.9015E+000,2.9015E+000,2.9015E+000,2.9017E+000,2.9032E+000,2.9088E+000,2.9165E+000,2.7488E+000,0.0000E+000
54505.0000,NaN,2.9049E+000,2.9049E+000,2.9049E+000,2.9050E+000,2.9063E+000,2.9164E+000,2.9343E+000,2.7358E+000,0.0000E+000
54506.0000,NaN,2.9096E+000,2.9096E+000,2.9097E+000,2.9100E+000,2.9112E+000,2.9252E+000,2.9574E+000,2.7422E+000,0.0000E+000
54507.0000,NaN,2.9179E+000,2.9180E+000,2.9183E+000,2.9189E+000,2.9207E+000,2.9323E+000,2.9771E+000,2.7446E+000,0.0000E+000
54508.0000,NaN,2.9412E+000,2.9414E+000,2.9423E+000,2.9439E+000,2.9472E+000,2.9545E+000,2.9706E+000,2.7412E+000,0.0000E+000
54509.0000,NaN,2.9673E+000,2.9675E+000,2.9682E+000,2.9692E+000,2.9702E+000,2.9718E+000,2.9732E+000,2.7315E+000,0.0000E+000
54510.0000,NaN,2.9657E+000,2.9656E+000,2.9655E+000,2.9654E+000,2.9653E+000,2.9652E+000,2.9650E+000,2.7104E+000,0.0000E+000
54511.0000,NaN,2.9598E+000,2.9597E+000,2.9594E+000,2.9587E+000,2.9574E+000,2.9566E+000,2.9551E+000,2.7601E+000,0.0000E+000
54512.0000,NaN,2.9614E+000,2.9613E+000,2.9613E+000,2.9613E+000,2.9615E+000,2.9643E+000,2.9704E+000,2.7389E+000,0.0000E+000
54513.0000,NaN,2.9648E+000,2.9648E+000,2.9648E+000,2.9650E+000,2.9658E+000,2.9725E+000,2.9914E+000,2.7382E+000,0.0000E+000
54514.0000,NaN,2.9710E+000,2.9711E+000,2.9713E+000,2.9718E+000,2.9730E+000,2.9794E+000,3.0123E+000,2.7355E+000,0.0000E+000
54515.0000,NaN,3.0042E+000,3.0046E+000,3.0060E+000,3.0087E+000,3.0129E+000,3.0183E+000,3.0517E+000,2.8750E+000,0.0000E+000
54516.0000,NaN,3.0498E+000,3.0503E+000,3.0517E+000,3.0540E+000,3.0558E+000,3.0571E+000,3.0602E+000,2.9124E+000,0.0000E+000
54517.0000,NaN,3.0827E+000,3.0829E+000,3.0837E+000,3.0842E+000,3.0844E+000,3.0845E+000,3.0847E+000,2.9259E+000,0.0000E+000
54518.0000,NaN,3.1286E+000,3.1290E+000,3.1301E+000,3.1309E+000,3.1315E+000,3.1320E+000,3.1324E+000,3.0261E+000,0.0000E+000
54519.0000,NaN,3.1354E+000,3.1355E+000,3.1356E+000,3.1386E+000,3.1502E+000,3.1819E+000,3.2635E+000,3.2987E+000,0.0000E+000
54520.0000,NaN,3.1408E+000,3.1408E+000,3.1410E+000,3.1456E+000,3.1691E+000,3.2313E+000,3.3957E+000,3.5878E+000,-4.4409E-016
54521.0000,NaN,3.1469E+000,3.1470E+000,3.1474E+000,3.1530E+000,3.1893E+000,3.2845E+000,3.5380E+000,3.8945E+000,0.0000E+000
54522.0000,NaN,3.1550E+000,3.1551E+000,3.1556E+000,3.1614E+000,3.2105E+000,3.3418E+000,3.6903E+000,4.2146E+000,0.0000E+000
54523.0000,NaN,3.1663E+000,3.1664E+000,3.1671E+000,3.1728E+000,3.2317E+000,3.4127E+000,3.8479E+000,4.5495E+000,0.0000E+000
54524.0000,NaN,3.1842E+000,3.1845E+000,3.1853E+000,3.1914E+000,3.2604E+000,3.5543E+000,3.9475E+000,4.8756E+000,0.0000E+000
54525.0000,NaN,3.2693E+000,3.2706E+000,3.2745E+000,3.2938E+000,3.4522E+000,3.7508E+000,3.8595E+000,5.1584E+000,0.0000E+000
54526.0000,NaN,3.6085E+000,3.6133E+000,3.6271E+000,3.6589E+000,3.7532E+000,3.7909E+000,3.7957E+000,5.5236E+000,0.0000E+000
54527.0000,NaN,3.9946E+000,3.9981E+000,4.0047E+000,4.0089E+000,4.0166E+000,4.0180E+000,4.0188E+000,5.7495E+000,0.0000E+000
54528.0000,NaN,4.0995E+000,4.1003E+000,4.1015E+000,4.1024E+000,4.1058E+000,4.1230E+000,4.1787E+000,6.0707E+000,8.8818E-016
54529.0000,NaN,4.1047E+000,4.1047E+000,4.1050E+000,4.1075E+000,4.1171E+000,4.1533E+000,4.2824E+000,6.0973E+000,-8.8818E-016
54530.0000,NaN,4.1080E+000,4.1080E+000,4.1081E+000,4.1119E+000,4.1270E+000,4.1788E+000,4.3721E+000,6.0895E+000,0.0000E+000
54531.0000,NaN,4.1115E+000,4.1114E+000,4.1116E+000,4.1167E+000,4.1381E+000,4.2078E+000,4.4702E+000,6.1069E+000,0.0000E+000
54532.0000,NaN,4.1154E+000,4.1153E+000,4.1157E+000,4.1218E+000,4.1504E+000,4.2402E+000,4.5762E+000,6.1481E+000,0.0000E+000
54533.0000,NaN,4.1201E+000,4.1201E+000,4.1206E+000,4.1272E+000,4.1623E+000,4.2725E+000,4.6802E+000,6.1853E+000,0.0000E+000
54534.0000,NaN,4.1270E+000,4.1270E+000,4.1276E+000,4.1344E+000,4.1743E+000,4.3075E+000,4.7905E+000,6.2414E+000,0.0000E+000
54535.0000,NaN,4.1414E+000,4.1415E+000,4.1424E+000,4.1507E+000,4.1942E+000,4.3724E+000,4.9832E+000,6.5247E+000,0.0000E+000
54536.0000,NaN,4.1637E+000,4.1640E+000,4.1652E+000,4.1730E+000,4.2060E+000,4.4120E+000,5.1125E+000,6.5533E+000,0.0000E+000
54537.0000,NaN,4.2009E+000,4.2014E+000,4.2032E+000,4.2115E+000,4.2410E+000,4.4800E+000,5.3462E+000,6.8319E+000,0.0000E+000
54538.0000,NaN,4.2333E+000,4.2338E+000,4.2354E+000,4.2415E+000,4.2639E+000,4.4749E+000,5.4156E+000,6.6812E+000,-8.8818E-016
54539.0000,NaN,4.2724E+000,4.2729E+000,4.2750E+000,4.2822E+000,4.3093E+000,4.5294E+000,5.6559E+000,7.1440E+000,-8.8818E-016
54540.0000,NaN,4.3153E+000,4.3160E+000,4.3185E+000,4.3260E+000,4.3552E+000,4.5788E+000,5.8821E+000,7.5373E+000,-8.8818E-016
54541.0000,NaN,4.3518E+000,4.3524E+000,4.3546E+000,4.3620E+000,4.3941E+000,4.6302E+000,6.0811E+000,7.8761E+000,8.8818E-016
54542.0000,NaN,4.3896E+000,4.3902E+000,4.3927E+000,4.4012E+000,4.4410E+000,4.7170E+000,6.3557E+000,8.4090E+000,0.0000E+000
54543.0000,NaN,4.4276E+000,4.4283E+000,4.4308E+000,4.4396E+000,4.4857E+000,4.8037E+000,6.6179E+000,8.8019E+000,0.0000E+000
54544.0000,NaN,4.4619E+000,4.4626E+000,4.4649E+000,4.4746E+000,4.5256E+000,4.9023E+000,6.8928E+000,9.2720E+000,0.0000E+000
54545.0000,NaN,4.4969E+000,4.4975E+000,4.5001E+000,4.5102E+000,4.5815E+000,5.0227E+000,7.1986E+000,7.3917E+000,0.0000E+000
54546.0000,NaN,4.5268E+000,4.5273E+000,4.5295E+000,4.5403E+000,4.6003E+000,5.1167E+000,7.3451E+000,5.9952E+000,-8.8818E-016
54547.0000,NaN,4.5563E+000,4.5569E+000,4.5591E+000,4.5684E+000,4.6875E+000,5.2682E+000,7.6266E+000,7.0733E+000,-8.8818E-016
54548.0000,NaN,4.5875E+000,4.5882E+000,4.5905E+000,4.6055E+000,4.7020E+000,5.4296E+000,7.9424E+000,8.0221E+000,0.0000E+000
54549.0000,NaN,4.6200E+000,4.6207E+000,4.6236E+000,4.6348E+000,4.7729E+000,5.5872E+000,8.2343E+000,8.8374E+000,3.7540E+000
54550.0000,NaN,4.6388E+000,4.6391E+000,4.6403E+000,4.6542E+000,4.8179E+000,5.7701E+000,8.6052E+000,9.7752E+000,5.0448E+000
54551.0000,NaN,4.6896E+000,4.6909E+000,4.6977E+000,4.7383E+000,5.0534E+000,5.7208E+000,9.0199E+000,1.0684E+001,5.7983E+000
54552.0000,NaN,4.7884E+000,4.7912E+000,4.7995E+000,4.8516E+000,5.1511E+000,5.7914E+000,9.4231E+000,1.1553E+001,7.2455E+000
54553.0000,NaN,4.8051E+000,4.8054E+000,4.8093E+000,4.8695E+000,5.2229E+000,5.8357E+000,9.5520E+000,1.1738E+001,6.8288E+000
54554.0000,NaN,4.8310E+000,4.8321E+000,4.8377E+000,4.9254E+000,5.3742E+000,5.8970E+000,9.9128E+000,1.2476E+001,1.0007E+001
54555.0000,NaN,4.8586E+000,4.8594E+000,4.8640E+000,5.0432E+000,5.5078E+000,5.8395E+000,1.0056E+001,1.2664E+001,1.0128E+001
54556.0000,NaN,4.9522E+000,4.9559E+000,4.9812E+000,5.1564E+000,5.5853E+000,5.8319E+000,1.0191E+001,1.2855E+001,1.0592E+001
54557.0000,NaN,5.1274E+000,5.1306E+000,5.1429E+000,5.3491E+000,5.6463E+000,5.8144E+000,1.0378E+001,1.3151E+001,1.0613E+001
54558.0000,NaN,5.3042E+000,5.3077E+000,5.3847E+000,5.4753E+000,5.6720E+000,5.9390E+000,1.0755E+001,1.3925E+001,1.2376E+001
54559.0000,NaN,5.4344E+000,5.4356E+000,5.4386E+000,5.5721E+000,5.7184E+000,6.0359E+000,1.1108E+001,1.4651E+001,1.4196E+001
54560.0000,NaN,5.4780E+000,5.4795E+000,5.5953E+000,5.6510E+000,5.8218E+000,6.1739E+000,1.1487E+001,1.5375E+001,1.5286E+001
54561.0000,NaN,5.5664E+000,5.5715E+000,5.5865E+000,5.8073E+000,5.9001E+000,6.3589E+000,1.1951E+001,1.6451E+001,1.6582E+001
54562.0000,NaN,5.6267E+000,5.6284E+000,5.7007E+000,5.8100E+000,6.0536E+000,6.4840E+000,1.2440E+001,1.7268E+001,1.6326E+001
54563.0000,NaN,5.6978E+000,5.6993E+000,5.7079E+000,5.9674E+000,6.1123E+000,6.7266E+000,1.3117E+001,1.8035E+001,1.5229E+001
54564.0000,NaN,5.7932E+000,5.7941E+000,5.8478E+000,5.9341E+000,6.2429E+000,6.8915E+000,1.3599E+001,1.7546E+001,1.4837E+001
54565.0000,NaN,5.9214E+000,5.9232E+000,5.9292E+000,6.1056E+000,6.2879E+000,7.1156E+000,1.4211E+001,1.6996E+001,1.3620E+001
54566.0000,NaN,6.0533E+000,6.0542E+000,6.0954E+000,6.1462E+000,6.5191E+000,7.2672E+000,1.4576E+001,1.6443E+001,1.5017E+001
54567.0000,NaN,6.1894E+000,6.1911E+000,6.1947E+000,6.3941E+000,6.5849E+000,7.3681E+000,1.4882E+001,1.6306E+001,1.4573E+001
54568.0000,NaN,6.3464E+000,6.3479E+000,6.3955E+000,6.4423E+000,6.9743E+000,7.4710E+000,1.5150E+001,1.6159E+001,1.4572E+001
54569.0000,NaN,6.4201E+000,6.4208E+000,6.4225E+000,6.6393E+000,6.8888E+000,7.6775E+000,1.5325E+001,1.5988E+001,1.5396E+001
54570.0000,NaN,6.5233E+000,6.5245E+000,6.6037E+000,6.7065E+000,7.3069E+000,7.8487E+000,1.5094E+001,1.5715E+001,1.5417E+001
54571.0000,NaN,6.6723E+000,6.6748E+000,6.6833E+000,6.7755E+000,7.4758E+000,8.1446E+000,1.5620E+001,1.6381E+001,1.6243E+001
54572.0000,NaN,6.7724E+000,6.7730E+000,6.9000E+000,7.0524E+000,7.9409E+000,8.4960E+000,1.5976E+001,1.6810E+001,1.6630E+001
54573.0000,NaN,6.9667E+000,6.9711E+000,6.9891E+000,7.1290E+000,7.8585E+000,8.8200E+000,1.6265E+001,1.7029E+001,1.6949E+001
54574.0000,NaN,7.0597E+000,7.0605E+000,7.0934E+000,7.3028E+000,8.4325E+000,9.5673E+000,1.6820E+001,1.7105E+001,1.7056E+001
54575.0000,NaN,7.1936E+000,7.1951E+000,7.2041E+000,7.4115E+000,9.3994E+000,1.0632E+001,1.7114E+001,1.7422E+001,1.7402E+001
54576.0000,NaN,7.7750E+000,7.7784E+000,7.8566E+000,8.1748E+000,9.6189E+000,1.1496E+001,1.7097E+001,1.7898E+001,1.7829E+001
54577.0000,NaN,8.2536E+000,8.2555E+000,8.2628E+000,8.8397E+000,9.6292E+000,1.1887E+001,1.7717E+001,1.8195E+001,1.8179E+001
54578.0000,NaN,8.6871E+000,8.6889E+000,8.7320E+000,9.0371E+000,9.8349E+000,1.2822E+001,1.7332E+001,1.7515E+001,1.7506E+001
54579.0000,NaN,8.8715E+000,8.8725E+000,8.8745E+000,9.7804E+000,1.0493E+001,1.3617E+001,1.6315E+001,1.6688E+001,1.6663E+001
54580.0000,NaN,9.3934E+000,9.3975E+000,9.5020E+000,1.0227E+001,1.1458E+001,1.3133E+001,1.6581E+001,1.6855E+001,1.6849E+001
54581.0000,NaN,9.7585E+000,9.7606E+000,9.7664E+000,1.0706E+001,1.1261E+001,1.3459E+001,1.7060E+001,1.7376E+001,1.7375E+001
54582.0000,NaN,1.0065E+001,1.0066E+001,1.0156E+001,1.0618E+001,1.1621E+001,1.3852E+001,1.6229E+001,1.6133E+001,1.6116E+001
54583.0000,NaN,1.0316E+001,1.0319E+001,1.0324E+001,1.0895E+001,1.1877E+001,1.4182E+001,1.4848E+001,1.4757E+001,1.4722E+001
54584.0000,NaN,1.0610E+001,1.0613E+001,1.0742E+001,1.1114E+001,1.2410E+001,1.3982E+001,1.4516E+001,1.4504E+001,1.4503E+001
54585.0000,NaN,1.0894E+001,1.0896E+001,1.0903E+001,1.1403E+001,1.2521E+001,1.3776E+001,1.4829E+001,1.4830E+001,1.4829E+001
54586.0000,NaN,1.1184E+001,1.1185E+001,1.1344E+001,1.1703E+001,1.2753E+001,1.4031E+001,1.5484E+001,1.6134E+001,1.4775E+001
54587.0000,NaN,1.1372E+001,1.1374E+001,1.1379E+001,1.1698E+001,1.3083E+001,1.4113E+001,1.6001E+001,1.7376E+001,1.6718E+001
54588.0000,NaN,1.1519E+001,1.1520E+001,1.1621E+001,1.1890E+001,1.3413E+001,1.4258E+001,1.6784E+001,1.8579E+001,1.8458E+001
54589.0000,NaN,1.1797E+001,1.1801E+001,1.1814E+001,1.2105E+001,1.3439E+001,1.4431E+001,1.7390E+001,1.7496E+001,1.5154E+001
54590.0000,NaN,1.2125E+001,1.2126E+001,1.2242E+001,1.2460E+001,1.3623E+001,1.4703E+001,1.6730E+001,1.6413E+001,1.6182E+001
54591.0000,NaN,1.3289E+001,1.3298E+001,1.3327E+001,1.3748E+001,1.4955E+001,1.5833E+001,1.6204E+001,1.6212E+001,1.6085E+001
54592.0000,NaN,1.5515E+001,1.5517E+001,1.5629E+001,1.5769E+001,1.6048E+001,1.6154E+001,1.6530E+001,1.6772E+001,1.6768E+001
54593.0000,NaN,1.6135E+001,1.6135E+001,1.6135E+001,1.6147E+001,1.6260E+001,1.6790E+001,1.7213E+001,1.7835E+001,1.7862E+001
54594.0000,NaN,1.6617E+001,1.6622E+001,1.6682E+001,1.6719E+001,1.6762E+001,1.6815E+001,1.8389E+001,1.8432E+001,1.8420E+001
54595.0000,NaN,1.6858E+001,1.6863E+001,1.6903E+001,1.6936E+001,1.7076E+001,1.7668E+001,1.8215E+001,1.8799E+001,1.8715E+001
54596.0000,NaN,1.7043E+001,1.7048E+001,1.7097E+001,1.7171E+001,1.7442E+001,1.7657E+001,1.8742E+001,1.8780E+001,1.8703E+001
54597.0000,NaN,1.7255E+001,1.7259E+001,1.7294E+001,1.7334E+001,1.7475E+001,1.8200E+001,1.8947E+001,1.8959E+001,1.8924E+001
54598.0000,NaN,1.7410E+001,1.7412E+001,1.7425E+001,1.7451E+001,1.7624E+001,1.9035E+001,1.9612E+001,1.9645E+001,1.9633E+001
54599.0000,NaN,1.7736E+001,1.7737E+001,1.7751E+001,1.7774E+001,1.7900E+001,1.9366E+001,2.0009E+001,2.0055E+001,2.0035E+001
54600.0000,NaN,1.7981E+001,1.7982E+001,1.7986E+001,1.7996E+001,1.8042E+001,1.9437E+001,2.0227E+001,2.0223E+001,2.0209E+001
54601.0000,NaN,1.8219E+001,1.8219E+001,1.8222E+001,1.8228E+001,1.8325E+001,1.9399E+001,1.9572E+001,1.9443E+001,1.9419E+001
54602.0000,NaN,1.8388E+001,1.8389E+001,1.8391E+001,1.8396E+001,1.8411E+001,1.9910E+001,2.0041E+001,2.0044E+001,2.0041E+001
54603.0000,NaN,1.8940E+001,1.8941E+001,1.8948E+001,1.8961E+001,1.9276E+001,2.0252E+001,2.0397E+001,2.0398E+001,2.0397E+001
54604.0000,NaN,1.9280E+001,1.9281E+001,1.9284E+001,1.9297E+001,1.9340E+001,2.0403E+001,2.1012E+001,2.1108E+001,2.1090E+001
54605.0000,NaN,1.9463E+001,1.9463E+001,1.9465E+001,1.9469E+001,1.9735E+001,2.1074E+001,2.1219E+001,2.1223E+001,2.1214E+001
54606.0000,NaN,2.0120E+001,2.0123E+001,2.0130E+001,2.0182E+001,2.0389E+001,2.0731E+001,2.0945E+001,2.0276E+001,2.0146E+001
54607.0000,NaN,2.0432E+001,2.0432E+001,2.0434E+001,2.0435E+001,2.0468E+001,2.0571E+001,2.0405E+001,2.0338E+001,2.0315E+001
54608.0000,NaN,2.0458E+001,2.0458E+001,2.0458E+001,2.0468E+001,2.0494E+001,2.0420E+001,2.0257E+001,2.0226E+001,2.0221E+001
54609.0000,NaN,2.0444E+001,2.0444E+001,2.0443E+001,2.0441E+001,2.0178E+001,1.9737E+001,1.9669E+001,1.9590E+001,1.9570E+001
54610.0000,NaN,2.0234E+001,2.0232E+001,2.0226E+001,2.0199E+001,2.0137E+001,2.0101E+001,2.0097E+001,2.0094E+001,2.0085E+001
54611.0000,NaN,2.0486E+001,2.0486E+001,2.0487E+001,2.0492E+001,2.0505E+001,2.0530E+001,2.0545E+001,2.0546E+001,2.0545E+001
54612.0000,NaN,2.0274E+001,2.0274E+001,2.0273E+001,2.0269E+001,2.0221E+001,2.0078E+001,2.0043E+001,2.0022E+001,2.0013E+001
54613.0000,NaN,2.0544E+001,2.0545E+001,2.0547E+001,2.0552E+001,2.0560E+001,2.0567E+001,2.0576E+001,2.0581E+001,2.0569E+001
54614.0000,NaN,2.0326E+001,2.0326E+001,2.0326E+001,2.0325E+001,2.0323E+001,2.0322E+001,2.0321E+001,2.0319E+001,2.0313E+001
54615.0000,NaN,2.0507E+001,2.0507E+001,2.0511E+001,2.0522E+001,2.0545E+001,2.0647E+001,2.0791E+001,2.0830E+001,2.0823E+001
54616.0000,NaN,2.0246E+001,2.0242E+001,2.0213E+001,2.0132E+001,2.0056E+001,1.9851E+001,1.9700E+001,1.9624E+001,1.9564E+001
54617.0000,NaN,1.9756E+001,1.9738E+001,1.9659E+001,1.9553E+001,1.9504E+001,1.9468E+001,1.9409E+001,1.9365E+001,1.9355E+001
54618.0000,NaN,1.9495E+001,1.9494E+001,1.9488E+001,1.9484E+001,1.9483E+001,1.9482E+001,1.9481E+001,1.9479E+001,1.9478E+001
54619.0000,NaN,1.9516E+001,1.9516E+001,1.9516E+001,1.9516E+001,1.9516E+001,1.9516E+001,1.9514E+001,1.9510E+001,1.9484E+001
54620.0000,NaN,1.9019E+001,1.9016E+001,1.9008E+001,1.8991E+001,1.8965E+001,1.8944E+001,1.8917E+001,1.8847E+001,1.8756E+001
54621.0000,NaN,1.8354E+001,1.8353E+001,1.8348E+001,1.8340E+001,1.8323E+001,1.8304E+001,1.8285E+001,1.8263E+001,1.8235E+001
54622.0000,NaN,1.8280E+001,1.8280E+001,1.8280E+001,1.8280E+001,1.8280E+001,1.8280E+001,1.8279E+001,1.8279E+001,1.8277E+001
54623.0000,NaN,1.8599E+001,1.8601E+001,1.8607E+001,1.8612E+001,1.8613E+001,1.8614E+001,1.8615E+001,1.8615E+001,1.8613E+001
54624.0000,NaN,1.8617E+001,1.8618E+001,1.8620E+001,1.8621E+001,1.8618E+001,1.8609E+001,1.8589E+001,1.8556E+001,1.8517E+001
54625.0000,NaN,1.8686E+001,1.8692E+001,1.8706E+001,1.8719E+001,1.8748E+001,1.8774E+001,1.8782E+001,1.8771E+001,1.8744E+001
54626.0000,NaN,1.8692E+001,1.8692E+001,1.8692E+001,1.8687E+001,1.8672E+001,1.8638E+001,1.8593E+001,1.8559E+001,1.8546E+001
54627.0000,NaN,1.8544E+001,1.8540E+001,1.8481E+001,1.8231E+001,1.8107E+001,1.8040E+001,1.8009E+001,1.7993E+001,1.7989E+001
54628.0000,NaN,1.8624E+001,1.8624E+001,1.8634E+001,1.8643E+001,1.8659E+001,1.8678E+001,1.8686E+001,1.8688E+001,1.8688E+001
54629.0000,NaN,1.8953E+001,1.8954E+001,1.8955E+001,1.8956E+001,1.8958E+001,1.8960E+001,1.8961E+001,1.8962E+001,1.8953E+001
54630.0000,NaN,1.8962E+001,1.8962E+001,1.8963E+001,1.8964E+001,1.8962E+001,1.8907E+001,1.8642E+001,1.8318E+001,1.8230E+001
54631.0000,NaN,1.8966E+001,1.8966E+001,1.8966E+001,1.8966E+001,1.8820E+001,1.8381E+001,1.8276E+001,1.8261E+001,1.8259E+001
54632.0000,NaN,1.8850E+001,1.8717E+001,1.8598E+001,1.8535E+001,1.8322E+001,1.8285E+001,1.8274E+001,1.8272E+001,1.8272E+001
54633.0000,NaN,1.8643E+001,1.8445E+001,1.8384E+001,1.8310E+001,1.8290E+001,1.8288E+001,1.8279E+001,1.8219E+001,1.7983E+001
54634.0000,NaN,1.8457E+001,1.8401E+001,1.8397E+001,1.8397E+001,1.8397E+001,1.8398E+001,1.8397E+001,1.8344E+001,1.8225E+001
54635.0000,NaN,1.8445E+001,1.8443E+001,1.8444E+001,1.8445E+001,1.8450E+001,1.8457E+001,1.8453E+001,1.8393E+001,1.8148E+001
54636.0000,NaN,1.8445E+001,1.8444E+001,1.8441E+001,1.8434E+001,1.8413E+001,1.8398E+001,1.8376E+001,1.8252E+001,1.8085E+001
54637.0000,NaN,1.8215E+001,1.8191E+001,1.8158E+001,1.8101E+001,1.8009E+001,1.7909E+001,1.7856E+001,1.7744E+001,1.7588E+001
54638.0000,NaN,1.7785E+001,1.7769E+001,1.7755E+001,1.7749E+001,1.7736E+001,1.7729E+001,1.7727E+001,1.7718E+001,1.7695E+001
54639.0000,NaN,1.7998E+001,1.8001E+001,1.8001E+001,1.8002E+001,1.8002E+001,1.8002E+001,1.8002E+001,1.8002E+001,1.7997E+001
54640.0000,NaN,1.8437E+001,1.8438E+001,1.8439E+001,1.8441E+001,1.8444E+001,1.8459E+001,1.8498E+001,1.8522E+001,1.8525E+001
54641.0000,NaN,1.8444E+001,1.8444E+001,1.8446E+001,1.8457E+001,1.8498E+001,1.8629E+001,1.8718E+001,1.8713E+001,1.8688E+001
54642.0000,NaN,1.8450E+001,1.8451E+001,1.8454E+001,1.8476E+001,1.8569E+001,1.8816E+001,1.8863E+001,1.8855E+001,1.8838E+001
54643.0000,NaN,1.8454E+001,1.8454E+001,1.8457E+001,1.8481E+001,1.8352E+001,1.8173E+001,1.8096E+001,1.8032E+001,1.8026E+001
54644.0000,NaN,1.8460E+001,1.8461E+001,1.8466E+001,1.8489E+001,1.8383E+001,1.8378E+001,1.8384E+001,1.8384E+001,1.8383E+001
54645.0000,NaN,1.8454E+001,1.8452E+001,1.8444E+001,1.8390E+001,1.7999E+001,1.7896E+001,1.7862E+001,1.7851E+001,1.7788E+001
54646.0000,NaN,1.8455E+001,1.8455E+001,1.8452E+001,1.8433E+001,1.8514E+001,1.8543E+001,1.8572E+001,1.8589E+001,1.8591E+001
54647.0000,NaN,1.8603E+001,1.8604E+001,1.8617E+001,1.8786E+001,1.8908E+001,1.8914E+001,1.8917E+001,1.8919E+001,1.8918E+001
54648.0000,NaN,1.8823E+001,1.8824E+001,1.8831E+001,1.8864E+001,1.8929E+001,1.9026E+001,1.9080E+001,1.8998E+001,1.8824E+001
54649.0000,NaN,1.8910E+001,1.8910E+001,1.8911E+001,1.8922E+001,1.8949E+001,1.8973E+001,1.8950E+001,1.8940E+001,1.8930E+001
54650.0000,NaN,1.8901E+001,1.8901E+001,1.8900E+001,1.8895E+001,1.8296E+001,1.8227E+001,1.8173E+001,1.8155E+001,1.8150E+001
54651.0000,NaN,1.8197E+001,1.8182E+001,1.8111E+001,1.7943E+001,1.7703E+001,1.7599E+001,1.7537E+001,1.7497E+001,1.7433E+001
54652.0000,NaN,1.7654E+001,1.7652E+001,1.7645E+001,1.7633E+001,1.7620E+001,1.7615E+001,1.7612E+001,1.7608E+001,1.7599E+001
54653.0000,NaN,1.7799E+001,1.7800E+001,1.7800E+001,1.7801E+001,1.7802E+001,1.7802E+001,1.7803E+001,1.7803E+001,1.7802E+001
54654.0000,NaN,1.7532E+001,1.7531E+001,1.7530E+001,1.7528E+001,1.7523E+001,1.7516E+001,1.7506E+001,1.7495E+001,1.7483E+001
54655.0000,NaN,1.7402E+001,1.7402E+001,1.7402E+001,1.7401E+001,1.7400E+001,1.7396E+001,1.7391E+001,1.7378E+001,1.7357E+001
54656.0000,NaN,1.6661E+001,1.6658E+001,1.6645E+001,1.6628E+001,1.6613E+001,1.6599E+001,1.6584E+001,1.6568E+001,1.6551E+001
54657.0000,NaN,1.6655E+001,1.6637E+001,1.6462E+001,1.6306E+001,1.6272E+001,1.6264E+001,1.6260E+001,1.6257E+001,1.6255E+001
54658.0000,NaN,1.6619E+001,1.6318E+001,1.5924E+001,1.5877E+001,1.5871E+001,1.5870E+001,1.5870E+001,1.5869E+001,1.5867E+001
54659.0000,NaN,1.6386E+001,1.5748E+001,1.5557E+001,1.5532E+001,1.5528E+001,1.5519E+001,1.5482E+001,1.5359E+001,1.5161E+001
54660.0000,NaN,1.5868E+001,1.5624E+001,1.5537E+001,1.5528E+001,1.5516E+001,1.5442E+001,1.5231E+001,1.4837E+001,1.4310E+001
54661.0000,NaN,1.5615E+001,1.5574E+001,1.5509E+001,1.5488E+001,1.5329E+001,1.4799E+001,1.4323E+001,1.4014E+001,1.3854E+001
54662.0000,NaN,1.4946E+001,1.4893E+001,1.4755E+001,1.4689E+001,1.4544E+001,1.4413E+001,1.4381E+001,1.4359E+001,1.4337E+001
54663.0000,NaN,1.4099E+001,1.4089E+001,1.4079E+001,1.4078E+001,1.4076E+001,1.4072E+001,1.4068E+001,1.4059E+001,1.4018E+001
54664.0000,NaN,1.4086E+001,1.4086E+001,1.4086E+001,1.4086E+001,1.4086E+001,1.4086E+001,1.4086E+001,1.4079E+001,1.4064E+001
54665.0000,NaN,1.4116E+001,1.4116E+001,1.4119E+001,1.4129E+001,1.4140E+001,1.4146E+001,1.4138E+001,1.4131E+001,1.4123E+001
54666.0000,NaN,1.4122E+001,1.4122E+001,1.4127E+001,1.4146E+001,1.4180E+001,1.4154E+001,1.3965E+001,1.3916E+001,1.3885E+001
54667.0000,NaN,1.4127E+001,1.4128E+001,1.4136E+001,1.4166E+001,1.4226E+001,1.4105E+001,1.3917E+001,1.3897E+001,1.3883E+001
54668.0000,NaN,1.4133E+001,1.4134E+001,1.4145E+001,1.4187E+001,1.4263E+001,1.4166E+001,1.4115E+001,1.4112E+001,1.4110E+001
54669.0000,NaN,1.4140E+001,1.4140E+001,1.4154E+001,1.4206E+001,1.4300E+001,1.4326E+001,1.4361E+001,1.4361E+001,1.4359E+001
54670.0000,NaN,1.4148E+001,1.4148E+001,1.4163E+001,1.4225E+001,1.4316E+001,1.4287E+001,1.4271E+001,1.4256E+001,1.4230E+001
54671.0000,NaN,1.4162E+001,1.4162E+001,1.4179E+001,1.4243E+001,1.4267E+001,1.4249E+001,1.4236E+001,1.4233E+001,1.4231E+001
54672.0000,NaN,1.4152E+001,1.4151E+001,1.4143E+001,1.4088E+001,1.4024E+001,1.3961E+001,1.3938E+001,1.3935E+001,1.3930E+001
54673.0000,NaN,1.4080E+001,1.4079E+001,1.4060E+001,1.3980E+001,1.3785E+001,1.3720E+001,1.3697E+001,1.3642E+001,1.3519E+001
54674.0000,NaN,1.3742E+001,1.3741E+001,1.3713E+001,1.3619E+001,1.3540E+001,1.3505E+001,1.3494E+001,1.3488E+001,1.3483E+001
54675.0000,NaN,1.3637E+001,1.3637E+001,1.3635E+001,1.3632E+001,1.3631E+001,1.3632E+001,1.3632E+001,1.3632E+001,1.3631E+001
54676.0000,NaN,1.3692E+001,1.3693E+001,1.3693E+001,1.3695E+001,1.3697E+001,1.3698E+001,1.3699E+001,1.3696E+001,1.3683E+001
54677.0000,NaN,1.3581E+001,1.3578E+001,1.3563E+001,1.3543E+001,1.3525E+001,1.3506E+001,1.3484E+001,1.3466E+001,1.3450E+001
54678.0000,NaN,1.3053E+001,1.3052E+001,1.3050E+001,1.3048E+001,1.3046E+001,1.3044E+001,1.3043E+001,1.3041E+001,1.3040E+001
54679.0000,NaN,1.2537E+001,1.2536E+001,1.2536E+001,1.2535E+001,1.2533E+001,1.2529E+001,1.2525E+001,1.2518E+001,1.2510E+001
54680.0000,NaN,1.2559E+001,1.2560E+001,1.2561E+001,1.2564E+001,1.2567E+001,1.2591E+001,1.2710E+001,1.2556E+001,1.0838E+001
54681.0000,NaN,1.2564E+001,1.2564E+001,1.2568E+001,1.2583E+001,1.2616E+001,1.2665E+001,1.2604E+001,1.1663E+001,1.1489E+001
54682.0000,NaN,1.2570E+001,1.2568E+001,1.2573E+001,1.2597E+001,1.2646E+001,1.2601E+001,1.1840E+001,1.1611E+001,1.1524E+001
54683.0000,NaN,1.2574E+001,1.2571E+001,1.2576E+001,1.2497E+001,1.2225E+001,1.1887E+001,1.1437E+001,1.1080E+001,1.0775E+001
54684.0000,NaN,1.2579E+001,1.2576E+001,1.2578E+001,1.2297E+001,1.1974E+001,1.1879E+001,1.1260E+001,1.0727E+001,1.0656E+001
54685.0000,NaN,1.2581E+001,1.2564E+001,1.2516E+001,1.1485E+001,1.1238E+001,1.1189E+001,1.1011E+001,1.0982E+001,1.0962E+001
54686.0000,NaN,1.2476E+001,1.2223E+001,1.1527E+001,1.1141E+001,1.1132E+001,1.1129E+001,1.1124E+001,1.1119E+001,1.1108E+001
54687.0000,NaN,1.2061E+001,1.1811E+001,1.0904E+001,1.0844E+001,1.0840E+001,1.0836E+001,1.0814E+001,1.0787E+001,1.0777E+001
54688.0000,NaN,1.1073E+001,1.0852E+001,1.0342E+001,1.0270E+001,1.0252E+001,1.0236E+001,1.0211E+001,1.0191E+001,1.0153E+001
54689.0000,NaN,1.0029E+001,9.9913E+000,9.9336E+000,9.9066E+000,9.8974E+000,9.8909E+000,9.8847E+000,9.8793E+000,9.8713E+000
54690.0000,NaN,9.4817E+000,9.4802E+000,9.4749E+000,9.4707E+000,9.4695E+000,9.4682E+000,9.4653E+000,9.4597E+000,9.4512E+000
54691.0000,NaN,9.0921E+000,9.0918E+000,9.0909E+000,9.0878E+000,9.0767E+000,9.0451E+000,8.9865E+000,8.8938E+000,8.7576E+000
54692.0000,NaN,8.7440E+000,8.7429E+000,8.7396E+000,8.7351E+000,8.7167E+000,8.6466E+000,8.5771E+000,8.5504E+000,8.5329E+000
54693.0000,NaN,8.3953E+000,8.3942E+000,8.3899E+000,8.3826E+000,8.3733E+000,8.3617E+000,8.3504E+000,8.3447E+000,8.3382E+000
54694.0000,NaN,8.0929E+000,8.0924E+000,8.0908E+000,8.0886E+000,8.0841E+000,8.0774E+000,8.0718E+000,8.0601E+000,8.0281E+000
54695.0000,NaN,7.6820E+000,7.6804E+000,7.6739E+000,7.6587E+000,7.6402E+000,7.6207E+000,7.6083E+000,7.6005E+000,7.5956E+000
54696.0000,NaN,7.2874E+000,7.2853E+000,7.2808E+000,7.2771E+000,7.2753E+000,7.2742E+000,7.2731E+000,7.2719E+000,7.2708E+000
54697.0000,NaN,7.1961E+000,7.1961E+000,7.1960E+000,7.1958E+000,7.1956E+000,7.1954E+000,7.1950E+000,7.1942E+000,7.1931E+000
54698.0000,NaN,7.2115E+000,7.2115E+000,7.2115E+000,7.2115E+000,7.2117E+000,7.2127E+000,7.2140E+000,7.2131E+000,7.2084E+000
54699.0000,NaN,7.2650E+000,7.2659E+000,7.2753E+000,7.2886E+000,7.2961E+000,7.3086E+000,7.3175E+000,7.3206E+000,7.3226E+000
54700.0000,NaN,7.3368E+000,7.3383E+000,7.3438E+000,7.3471E+000,7.3477E+000,7.3479E+000,7.3479E+000,7.3475E+000,7.3461E+000
54701.0000,NaN,7.3742E+000,7.3743E+000,7.3752E+000,7.3769E+000,7.3804E+000,7.3890E+000,7.3882E+000,7.2875E+000,6.5159E+000
54702.0000,NaN,7.4076E+000,7.4077E+000,7.4079E+000,7.4082E+000,7.4098E+000,7.4255E+000,7.3411E+000,6.8138E+000,6.2925E+000
54703.0000,NaN,7.2674E+000,7.2673E+000,7.2663E+000,7.2641E+000,7.2595E+000,7.2379E+000,6.9684E+000,6.4704E+000,5.7816E+000
54704.0000,NaN,6.5243E+000,6.5235E+000,6.5209E+000,6.5158E+000,6.5031E+000,6.4441E+000,6.4035E+000,6.2948E+000,6.0064E+000
54705.0000,NaN,6.0407E+000,6.0405E+000,6.0394E+000,6.0369E+000,6.0326E+000,6.0189E+000,5.9986E+000,5.9607E+000,5.7697E+000
54706.0000,NaN,5.7664E+000,5.7660E+000,5.7651E+000,5.7636E+000,5.7596E+000,5.7382E+000,5.6733E+000,5.4177E+000,5.0372E+000
54707.0000,NaN,5.2596E+000,5.2582E+000,5.2521E+000,5.2401E+000,5.2232E+000,5.1898E+000,5.1548E+000,5.1353E+000,5.0766E+000
54708.0000,NaN,4.6367E+000,4.6356E+000,4.6328E+000,4.6282E+000,4.6226E+000,4.6129E+000,4.6022E+000,4.5889E+000,4.5283E+000
54709.0000,NaN,4.1413E+000,4.1409E+000,4.1391E+000,4.1349E+000,4.1269E+000,4.1096E+000,4.0823E+000,4.0401E+000,3.9352E+000
54710.0000,NaN,3.8870E+000,3.8862E+000,3.8848E+000,3.8818E+000,3.8740E+000,3.8297E+000,3.6557E+000,3.6038E+000,3.5633E+000
54711.0000,NaN,3.6834E+000,3.6825E+000,3.6794E+000,3.6739E+000,3.6678E+000,3.6641E+000,3.6630E+000,3.6602E+000,3.6527E+000
54712.0000,NaN,3.5857E+000,3.5856E+000,3.5853E+000,3.5849E+000,3.5844E+000,3.5810E+000,3.5643E+000,3.5581E+000,3.5545E+000
54713.0000,NaN,3.0929E+000,3.0925E+000,3.0906E+000,3.0847E+000,3.0712E+000,3.0496E+000,3.0024E+000,2.9578E+000,2.8766E+000
54714.0000,NaN,2.8705E+000,2.8688E+000,2.8653E+000,2.8572E+000,2.8038E+000,2.4128E+000,2.2716E+000,2.2465E+000,2.2267E+000
54715.0000,NaN,2.2916E+000,2.2748E+000,2.2178E+000,2.1233E+000,2.0340E+000,2.0017E+000,1.9528E+000,1.8590E+000,1.6196E+000
54716.0000,NaN,1.7375E+000,1.7295E+000,1.7171E+000,1.7085E+000,1.6980E+000,1.4817E+000,1.4440E+000,1.4362E+000,1.4272E+000
54717.0000,NaN,1.5408E+000,1.5400E+000,1.5361E+000,1.4849E+000,1.3892E+000,1.3731E+000,1.3154E+000,9.5048E-001,1.0989E-001
54718.0000,NaN,1.4519E+000,1.4515E+000,1.4506E+000,1.4480E+000,1.4262E+000,7.2550E-001,4.9112E-001,4.2846E-001,3.8353E-001
54719.0000,NaN,1.0769E+000,1.0753E+000,1.0692E+000,1.0306E+000,9.7162E-001,4.9752E-001,4.7831E-001,3.8089E-001,0.0000E+000
54720.0000,NaN,8.4455E-001,8.4378E-001,8.4203E-001,8.3868E-001,8.3190E-001,6.2261E-001,3.7168E-001,3.3738E-001,3.1591E-001
54721.0000,NaN,8.1554E-001,8.1549E-001,8.1529E-001,8.1372E-001,8.0764E-001,5.1054E-001,4.5800E-001,4.3302E-001,6.3126E-002
54722.0000,NaN,7.1821E-001,7.1759E-001,7.1639E-001,7.1448E-001,7.0859E-001,4.9687E-001,4.0406E-001,3.9272E-001,3.8653E-001
54723.0000,NaN,6.4463E-001,6.4432E-001,6.4326E-001,6.4091E-001,6.3730E-001,6.1867E-001,6.1816E-001,6.2218E-001,7.2397E-001
54724.0000,NaN,6.9880E-001,6.9883E-001,6.9892E-001,6.9904E-001,6.9936E-001,7.0617E-001,7.2792E-001,7.3791E-001,7.3987E-001
54725.0000,NaN,6.2314E-001,6.2298E-001,6.2198E-001,6.1801E-001,6.0914E-001,5.7651E-001,5.6121E-001,5.5211E-001,4.6169E-001
54726.0000,NaN,6.0136E-001,6.0109E-001,5.9962E-001,5.9177E-001,5.6685E-001,5.4059E-001,5.3063E-001,5.2479E-001,5.2042E-001
54727.0000,NaN,5.4307E-001,5.4190E-001,5.3749E-001,5.2881E-001,5.2384E-001,5.2065E-001,5.1948E-001,5.1863E-001,5.1226E-001
54728.0000,NaN,3.0723E-001,3.0666E-001,3.0455E-001,2.9959E-001,2.8993E-001,2.7283E-001,2.4545E-001,2.0675E-001,1.8084E-001
54729.0000,NaN,2.9504E-002,2.8974E-002,2.6369E-002,7.6792E-003,-3.7439E-002,-7.2268E-002,-8.4257E-002,-9.3504E-002,0.0000E+000
54730.0000,NaN,9.3451E-002,9.3961E-002,9.5371E-002,9.8238E-002,1.0172E-001,1.0730E-001,1.2438E-001,1.5590E-001,0.0000E+000
54731.0000,NaN,1.0632E-001,1.0642E-001,1.0678E-001,1.0837E-001,1.1574E-001,1.3421E-001,2.0219E-001,4.4598E-001,5.5511E-017
54732.0000,NaN,1.1578E-001,1.1585E-001,1.1613E-001,1.1716E-001,1.2239E-001,1.5191E-001,2.5357E-001,5.6051E-001,0.0000E+000
54733.0000,NaN,1.2982E-001,1.2994E-001,1.3036E-001,1.3170E-001,1.3632E-001,1.6445E-001,3.2699E-001,6.2200E-001,0.0000E+000
54734.0000,NaN,1.8309E-001,1.8349E-001,1.8470E-001,1.8815E-001,1.9932E-001,2.2401E-001,3.7701E-001,5.0431E-001,0.0000E+000
54735.0000,NaN,3.4620E-001,3.4691E-001,3.4909E-001,3.5415E-001,3.6730E-001,3.8646E-001,3.9932E-001,4.0908E-001,-5.5511E-017
54736.0000,NaN,3.9502E-001,3.9513E-001,3.9545E-001,3.9593E-001,3.9647E-001,3.9697E-001,3.9714E-001,3.9717E-001,0.0000E+000
54737.0000,NaN,4.0285E-001,4.0286E-001,4.0290E-001,4.0295E-001,4.0297E-001,4.0299E-001,4.0302E-001,4.0303E-001,-5.5511E-017
54738.0000,NaN,4.0531E-001,4.0530E-001,4.0530E-001,4.0536E-001,4.0588E-001,4.0793E-001,4.1483E-001,4.2814E-001,5.5511E-017
54739.0000,NaN,4.0755E-001,4.0753E-001,4.0751E-001,4.0754E-001,4.0836E-001,4.1329E-001,4.2813E-001,4.5603E-001,-5.5511E-017
54740.0000,NaN,4.0986E-001,4.0983E-001,4.0981E-001,4.0989E-001,4.1091E-001,4.1866E-001,4.4159E-001,4.8271E-001,-5.5511E-017
54741.0000,NaN,4.1241E-001,4.1238E-001,4.1237E-001,4.1249E-001,4.1368E-001,4.2316E-001,4.5359E-001,5.0384E-001,0.0000E+000
54742.0000,NaN,4.1556E-001,4.1555E-001,4.1557E-001,4.1574E-001,4.1699E-001,4.2639E-001,4.6459E-001,5.2109E-001,5.5511E-017
54743.0000,NaN,4.2014E-001,4.2014E-001,4.2019E-001,4.2038E-001,4.2162E-001,4.2907E-001,4.7537E-001,5.3815E-001,0.0000E+000
54744.0000,NaN,4.2680E-001,4.2681E-001,4.2687E-001,4.2707E-001,4.2820E-001,4.3348E-001,4.7951E-001,5.4425E-001,5.5511E-017
54745.0000,NaN,4.3763E-001,4.3766E-001,4.3778E-001,4.3805E-001,4.3922E-001,4.4403E-001,4.7564E-001,5.4941E-001,0.0000E+000
54746.0000,NaN,4.5533E-001,4.5540E-001,4.5564E-001,4.5613E-001,4.5747E-001,4.6237E-001,4.7744E-001,5.5176E-001,-5.5511E-017
54747.0000,NaN,4.7819E-001,4.7828E-001,4.7860E-001,4.7923E-001,4.8046E-001,4.8430E-001,4.9377E-001,5.2362E-001,0.0000E+000
54748.0000,NaN,4.9553E-001,4.9559E-001,4.9580E-001,4.9621E-001,4.9683E-001,4.9831E-001,5.0249E-001,5.0362E-001,0.0000E+000
54749.0000,NaN,5.0594E-001,5.0596E-001,5.0608E-001,5.0630E-001,5.0662E-001,5.0711E-001,5.0854E-001,5.0729E-001,0.0000E+000
54750.0000,NaN,5.1183E-001,5.1184E-001,5.1189E-001,5.1202E-001,5.1225E-001,5.1261E-001,5.1335E-001,5.1022E-001,0.0000E+000
54751.0000,NaN,5.1603E-001,5.1603E-001,5.1606E-001,5.1614E-001,5.1629E-001,5.1654E-001,5.1698E-001,5.1209E-001,0.0000E+000
54752.0000,NaN,5.1888E-001,5.1887E-001,5.1888E-001,5.1891E-001,5.1897E-001,5.1906E-001,5.1913E-001,5.1337E-001,0.0000E+000
54753.0000,NaN,5.2210E-001,5.2209E-001,5.2210E-001,5.2215E-001,5.2224E-001,5.2237E-001,5.2247E-001,5.1766E-001,0.0000E+000
54754.0000,NaN,5.2517E-001,5.2517E-001,5.2518E-001,5.2522E-001,5.2530E-001,5.2544E-001,5.2556E-001,5.2110E-001,0.0000E+000
54755.0000,NaN,5.2830E-001,5.2829E-001,5.2830E-001,5.2835E-001,5.2843E-001,5.2855E-001,5.2865E-001,5.2473E-001,0.0000E+000
54756.0000,NaN,5.3074E-001,5.3073E-001,5.3072E-001,5.3074E-001,5.3079E-001,5.3085E-001,5.3086E-001,5.2683E-001,0.0000E+000
54757.0000,NaN,5.3270E-001,5.3268E-001,5.3267E-001,5.3267E-001,5.3269E-001,5.3272E-001,5.3268E-001,5.2879E-001,0.0000E+000
54758.0000,NaN,5.3443E-001,5.3442E-001,5.3440E-001,5.3439E-001,5.3440E-001,5.3441E-001,5.3434E-001,5.2953E-001,0.0000E+000
54759.0000,NaN,5.3470E-001,5.3467E-001,5.3462E-001,5.3455E-001,5.3445E-001,5.3430E-001,5.3397E-001,5.2849E-001,0.0000E+000
54760.0000,NaN,5.3579E-001,5.3577E-001,5.3574E-001,5.3570E-001,5.3567E-001,5.3562E-001,5.3547E-001,5.2791E-001,0.0000E+000
54761.0000,NaN,5.3730E-001,5.3729E-001,5.3726E-001,5.3724E-001,5.3724E-001,5.3723E-001,5.3704E-001,5.3085E-001,0.0000E+000
54762.0000,NaN,5.3895E-001,5.3893E-001,5.3891E-001,5.3890E-001,5.3891E-001,5.3894E-001,5.3895E-001,5.2012E-001,0.0000E+000
54763.0000,NaN,5.4041E-001,5.4039E-001,5.4036E-001,5.4034E-001,5.4032E-001,5.4031E-001,5.4004E-001,5.2868E-001,0.0000E+000
54764.0000,NaN,5.4207E-001,5.4205E-001,5.4203E-001,5.4202E-001,5.4203E-001,5.4206E-001,5.4207E-001,5.1572E-001,0.0000E+000
54765.0000,NaN,5.4363E-001,5.4361E-001,5.4359E-001,5.4357E-001,5.4357E-001,5.4358E-001,5.4332E-001,5.2049E-001,0.0000E+000
54766.0000,NaN,5.4515E-001,5.4513E-001,5.4510E-001,5.4507E-001,5.4507E-001,5.4506E-001,5.4495E-001,5.1756E-001,0.0000E+000
54767.0000,NaN,5.4669E-001,5.4666E-001,5.4664E-001,5.4662E-001,5.4661E-001,5.4662E-001,5.4647E-001,5.1994E-001,5.5511E-017
54768.0000,NaN,5.4766E-001,5.4764E-001,5.4760E-001,5.4754E-001,5.4748E-001,5.4738E-001,5.4704E-001,5.1764E-001,0.0000E+000
54769.0000,NaN,5.4881E-001,5.4878E-001,5.4874E-001,5.4870E-001,5.4866E-001,5.4863E-001,5.4842E-001,5.1956E-001,5.5511E-017
54770.0000,NaN,5.4946E-001,5.4943E-001,5.4938E-001,5.4931E-001,5.4921E-001,5.4902E-001,5.4818E-001,5.1535E-001,5.5511E-017
54771.0000,NaN,5.5021E-001,5.5018E-001,5.5013E-001,5.5006E-001,5.4998E-001,5.4989E-001,5.4963E-001,5.1663E-001,0.0000E+000
54772.0000,NaN,5.5084E-001,5.5081E-001,5.5075E-001,5.5068E-001,5.5058E-001,5.5036E-001,5.4800E-001,5.1048E-001,5.5511E-017
54773.0000,NaN,5.5102E-001,5.5098E-001,5.5091E-001,5.5079E-001,5.5062E-001,5.5037E-001,5.4985E-001,5.0889E-001,5.5511E-017
54774.0000,NaN,5.5173E-001,5.5170E-001,5.5164E-001,5.5158E-001,5.5151E-001,5.5139E-001,5.4774E-001,5.0417E-001,0.0000E+000
54775.0000,NaN,5.5218E-001,5.5215E-001,5.5208E-001,5.5197E-001,5.5179E-001,5.5143E-001,5.5052E-001,5.0336E-001,5.5511E-017
54776.0000,NaN,5.5308E-001,5.5305E-001,5.5299E-001,5.5293E-001,5.5287E-001,5.5282E-001,5.4898E-001,5.0072E-001,0.0000E+000
54777.0000,NaN,5.5397E-001,5.5394E-001,5.5389E-001,5.5382E-001,5.5371E-001,5.5340E-001,5.5210E-001,4.9952E-001,0.0000E+000
54778.0000,NaN,5.5483E-001,5.5480E-001,5.5474E-001,5.5466E-001,5.5458E-001,5.5450E-001,5.5308E-001,4.9581E-001,0.0000E+000
54779.0000,NaN,5.5567E-001,5.5564E-001,5.5558E-001,5.5551E-001,5.5543E-001,5.5519E-001,5.5408E-001,4.9652E-001,0.0000E+000
54780.0000,NaN,5.5603E-001,5.5599E-001,5.5592E-001,5.5581E-001,5.5566E-001,5.5547E-001,5.5389E-001,4.9627E-001,0.0000E+000
54781.0000,NaN,5.5611E-001,5.5607E-001,5.5599E-001,5.5587E-001,5.5570E-001,5.5522E-001,5.5364E-001,4.9692E-001,0.0000E+000
54782.0000,NaN,5.5607E-001,5.5603E-001,5.5594E-001,5.5579E-001,5.5557E-001,5.5526E-001,5.5280E-001,4.9634E-001,0.0000E+000
54783.0000,NaN,5.5634E-001,5.5630E-001,5.5621E-001,5.5610E-001,5.5593E-001,5.5518E-001,5.5304E-001,4.9589E-001,0.0000E+000
54784.0000,NaN,5.5676E-001,5.5672E-001,5.5664E-001,5.5652E-001,5.5632E-001,5.5608E-001,5.5214E-001,4.9447E-001,0.0000E+000
54785.0000,NaN,5.5742E-001,5.5738E-001,5.5731E-001,5.5722E-001,5.5710E-001,5.5614E-001,5.5336E-001,4.9150E-001,0.0000E+000
54786.0000,NaN,5.5816E-001,5.5812E-001,5.5805E-001,5.5794E-001,5.5777E-001,5.5753E-001,5.5341E-001,4.9169E-001,0.0000E+000
